data/example_output.ionex
     1.1            I               GNSS   IONEX VERSION / TYPE
R_Klobuchar_v1.0    User                16-lip-26 23:36     PGM / RUN BY / DATE
Klobuchar model ionospheric TEC maps                        DESCRIPTION
Generated from broadcast Klobuchar parameters               COMMENT
TEC values in 0.1 TECU; 9999 = no value                     COMMENT
  1995    10    15     0     0     0                        EPOCH OF FIRST MAP
  1995    10    16     0     0     0                        EPOCH OF LAST MAP
 21600                                                      INTERVAL
     5                                                      # OF MAPS IN FILE
  COSZ                                                      MAPPING FUNCTION
    20.0                                                    ELEVATION CUTOFF
Klobuchar model                                             OBSERVABLES USED
     0                                                      # OF STATIONS
     0                                                      # OF SATELLITES
    G     0     0                                          SYS / #STA / #SAT
  6371.0                                                    BASE RADIUS
     2                                                      MAP DIMENSION
 400.0 400.0   0.0                                        HGT1 / HGT2 / DHGT
  85.0 -85.0  -5.0                                        LAT1 / LAT2 / DLAT
   0.0 355.0   5.0                                        LON1 / LON2 / DLON
    -1                                                      EXPONENT
                                                            END OF HEADER
[from data line 639]
     1                                                      START OF TEC MAP
  1995    10    15     6     0     0                        EPOCH OF CURRENT MAP
  85.0   0.0 355.0   5.0 400.0                                        LAT/LON1/LON2/DLON/H
   68   69   71   72   74   75   77   79   80   82   83   85   86   87   89   90
   91   92   93   93   94   94   95   95   95   95   95   94   94   93   93   92
   91   90   89   87   86   85   83   82   80   79   77   75   74   72   71   69
   68   67   65   64   63   62   61   61   60   60   59   59   59   59   59   60
   60   61   61   62   63   64   65   67
  80.0   0.0 355.0   5.0 400.0                                        LAT/LON1/LON2/DLON/H
   81   84   86   89   91   94   97  100  102  105  108  110  113  115  117  119
  121  122  124  125  126  127  128  128  128  128  128  127  126  125  124  122
  121  119  117  115  113  110  108  105  102  100   97   94   91   89   86   84
   81   79   77   75   73   71   70   69   68   67   66   66   66   66   66   67
   68   69   70   71   73   75   77   79
  75.0   0.0 355.0   5.0 400.0                                        LAT/LON1/LON2/DLON/H
   97  100  104  108  112  116  120  124  128  132  136  140  143  147  150  153
  156  158  160  162  164  165  166  166  166  166  166  165  164  162  160  158
  156  153  150  147  143  140  136  132  128  124  120  116  112  108  104  100
   97   93   90   87   84   82   80   78   76   75   74   73   73   73   74   75
   76   78   80   82   84   87   90   93
  70.0   0.0 355.0   5.0 400.0                                        LAT/LON1/LON2/DLON/H
  112  116  121  126  132  137  142  148  153  158  163  168  173  178  182  186
  190  193  196  198  200  202  203  204  204  204  203  202  200  198  196  193
  190  186  182  178  173  168  163  158  153  148  142  137  132  126  121  116
  112  107  103   99   95   92   89   87   84   83   82   81   81   81   82   83
   84   87   89   92   95   99  103  107
  65.0   0.0 355.0   5.0 400.0                                        LAT/LON1/LON2/DLON/H
  126  132  138  144  151  157  164  171  177  184  190  196  202  208  213  218
  222  226  230  233  236  238  239  240  240  240  239  238  236  233  230  226
  222  218  213  208  202  196  190  184  177  171  164  157  151  144  138  132
  126  120  115  110  106  102   98   95   93   91   89   88   88   88   89   91
   93   95   98  102  106  110  115  120
  60.0   0.0 355.0   5.0 400.0                                        LAT/LON1/LON2/DLON/H
  140  147  154  162  169  177  185  193  201  208  216  223  230  237  243  249
  254  259  263  267  270  272  274  275  275  275  274  272  270  267  263  259
  254  249  243  237  230  223  216  208  201  193  185  177  169  162  154  147
  140  133  127  121  116  111  107  103  100   98   96   95   95   95   96   98
  100  103  107  111  116  121  127  133
  55.0   0.0 355.0   5.0 400.0                                        LAT/LON1/LON2/DLON/H
  153  161  170  178  187  196  205  214  223  232  240  248  256  264  271  278
  284  289  294  298  302  305  307  308  308  308  307  305  302  298  294  289
  284  278  271  264  256  248  240  232  223  214  205  196  187  178  170  161
  153  146  139  132  126  120  115  111  108  105  103  102  102  102  103  105
  108  111  115  120  126  132  139  146
  50.0   0.0 355.0   5.0 400.0                                        LAT/LON1/LON2/DLON/H
  166  175  184  194  203  213  224  234  244  253  263  272  281  290  298  305
  312  318  324  328  332  335  337  339  339  339  337  335  332  328  324  318
  312  305  298  290  281  272  263  253  244  234  224  213  203  194  184  175
  166  157  149  142  135  129  123  119  115  112  110  108  108  108  110  112
  115  119  123  129  135  142  149  157
  45.0   0.0 355.0   5.0 400.0                                        LAT/LON1/LON2/DLON/H
  177  187  197  208  219  230  241  252  263  274  284  295  305  314  323  331
  338  345  351  356  361  364  366  368  368  368  366  364  361  356  351  345
  338  331  323  314  305  295  284  274  263  252  241  230  219  208  197  187
  177  168  159  151  143  137  131  126  121  118  116  114  114  114  116  118
  121  126  131  137  143  151  159  168
  40.0   0.0 355.0   5.0 400.0                                        LAT/LON1/LON2/DLON/H
  188  199  210  221  233  245  257  269  281  293  304  315  326  336  345  354
  362  370  376  382  386  390  393  394  395  394  393  390  386  382  376  370
  362  354  345  336  326  315  304  293  281  269  257  245  233  221  210  199
  188  178  168  159  151  144  137  132  127  124  121  119  119  119  121  124
  127  132  137  144  151  159  168  178
  35.0   0.0 355.0   5.0 400.0                                        LAT/LON1/LON2/DLON/H
  197  209  221  233  246  258  271  284  297  309  322  333  345  356  366  375
  384  392  399  405  410  414  416  418  419  418  416  414  410  405  399  392
  384  375  366  356  345  333  322  309  297  284  271  258  246  233  221  209
  197  187  176  167  158  150  143  138  133  129  126  124  124  124  126  129
  133  138  143  150  158  167  176  187
  30.0   0.0 355.0   5.0 400.0                                        LAT/LON1/LON2/DLON/H
  206  218  231  243  257  270  284  297  311  324  337  350  362  373  384  394
  403  412  419  425  430  434  437  439  440  439  437  434  430  425  419  412
  403  394  384  373  362  350  337  324  311  297  284  270  257  243  231  218
  206  194  184  174  164  156  149  143  137  133  130  129  128  129  130  133
  137  143  149  156  164  174  184  194
  25.0   0.0 355.0   5.0 400.0                                        LAT/LON1/LON2/DLON/H
  213  226  239  252  266  280  295  309  323  337  350  364  376  388  400  410
  420  428  436  443  448  452  455  457  458  457  455  452  448  443  436  428
  420  410  400  388  376  364  350  337  323  309  295  280  266  252  239  226
  213  201  190  179  170  161  153  147  141  137  134  132  132  132  134  137
  141  147  153  161  170  179  190  201
  20.0   0.0 355.0   5.0 400.0                                        LAT/LON1/LON2/DLON/H
  219  232  246  260  274  289  304  318  333  347  362  375  388  401  412  423
  433  442  450  457  463  467  470  472  473  472  470  467  463  457  450  442
  433  423  412  401  388  375  362  347  333  318  304  289  274  260  246  232
  219  207  195  184  174  165  157  150  145  140  137  135  135  135  137  140
  145  150  157  165  174  184  195  207
  15.0   0.0 355.0   5.0 400.0                                        LAT/LON1/LON2/DLON/H
  224  237  251  266  281  296  311  326  341  356  370  384  398  411  423  434
  444  453  461  468  474  479  482  484  485  484  482  479  474  468  461  453
  444  434  423  411  398  384  370  356  341  326  311  296  281  266  251  237
  224  211  199  188  178  168  160  153  147  143  140  138  137  138  140  143
  147  153  160  168  178  188  199  211
  10.0   0.0 355.0   5.0 400.0                                        LAT/LON1/LON2/DLON/H
  227  241  255  270  285  300  316  331  347  362  377  391  405  418  430  441
  452  461  469  477  482  487  490  492  493  492  490  487  482  477  469  461
  452  441  430  418  405  391  377  362  347  331  316  300  285  270  255  241
  227  214  202  191  180  171  162  155  149  145  141  139  139  139  141  145
  149  155  162  171  180  191  202  214
   5.0   0.0 355.0   5.0 400.0                                        LAT/LON1/LON2/DLON/H
  229  243  258  273  288  303  319  335  350  365  380  395  409  422  434  446
  456  466  474  481  487  492  496  498  498  498  496  492  487  481  474  466
  456  446  434  422  409  395  380  365  350  335  319  303  288  273  258  243
  229  216  204  192  182  172  164  156  150  146  142  140  140  140  142  146
  150  156  164  172  182  192  204  216
   0.0   0.0 355.0   5.0 400.0                                        LAT/LON1/LON2/DLON/H
  230  244  258  273  289  304  320  336  351  367  382  396  410  423  436  447
  458  467  476  483  489  494  497  499  500  499  497  494  489  483  476  467
  458  447  436  423  410  396  382  367  351  336  320  304  289  273  258  244
  230  217  204  193  182  173  164  157  151  146  143  141  140  141  143  146
  151  157  164  173  182  193  204  217
  -5.0   0.0 355.0   5.0 400.0                                        LAT/LON1/LON2/DLON/H
  229  243  258  273  288  303  319  335  350  365  380  395  409  422  434  446
  456  466  474  481  487  492  496  498  498  498  496  492  487  481  474  466
  456  446  434  422  409  395  380  365  350  335  319  303  288  273  258  243
  229  216  204  192  182  172  164  156  150  146  142  140  140  140  142  146
  150  156  164  172  182  192  204  216
 -10.0   0.0 355.0   5.0 400.0                                        LAT/LON1/LON2/DLON/H
  227  241  255  270  285  300  316  331  347  362  377  391  405  418  430  441
  452  461  469  477  482  487  490  492  493  492  490  487  482  477  469  461
  452  441  430  418  405  391  377  362  347  331  316  300  285  270  255  241
  227  214  202  191  180  171  162  155  149  145  141  139  139  139  141  145
  149  155  162  171  180  191  202  214
 -15.0   0.0 355.0   5.0 400.0                                        LAT/LON1/LON2/DLON/H
  224  237  251  266  281  296  311  326  341  356  370  384  398  411  423  434
  444  453  461  468  474  479  482  484  485  484  482  479  474  468  461  453
  444  434  423  411  398  384  370  356  341  326  311  296  281  266  251  237
  224  211  199  188  178  168  160  153  147  143  140  138  137  138  140  143
  147  153  160  168  178  188  199  211
 -20.0   0.0 355.0   5.0 400.0                                        LAT/LON1/LON2/DLON/H
  219  232  246  260  274  289  304  318  333  347  362  375  388  401  412  423
  433  442  450  457  463  467  470  472  473  472  470  467  463  457  450  442
  433  423  412  401  388  375  362  347  333  318  304  289  274  260  246  232
  219  207  195  184  174  165  157  150  145  140  137  135  135  135  137  140
  145  150  157  165  174  184  195  207
 -25.0   0.0 355.0   5.0 400.0                                        LAT/LON1/LON2/DLON/H
  213  226  239  252  266  280  295  309  323  337  350  364  376  388  400  410
  420  428  436  443  448  452  455  457  458  457  455  452  448  443  436  428
  420  410  400  388  376  364  350  337  323  309  295  280  266  252  239  226
  213  201  190  179  170  161  153  147  141  137  134  132  132  132  134  137
  141  147  153  161  170  179  190  201
 -30.0   0.0 355.0   5.0 400.0                                        LAT/LON1/LON2/DLON/H
  206  218  231  243  257  270  284  297  311  324  337  350  362  373  384  394
  403  412  419  425  430  434  437  439  440  439  437  434  430  425  419  412
  403  394  384  373  362  350  337  324  311  297  284  270  257  243  231  218
  206  194  184  174  164  156  149  143  137  133  130  129  128  129  130  133
  137  143  149  156  164  174  184  194
 -35.0   0.0 355.0   5.0 400.0                                        LAT/LON1/LON2/DLON/H
  197  209  221  233  246  258  271  284  297  309  322  333  345  356  366  375
  384  392  399  405  410  414  416  418  419  418  416  414  410  405  399  392
  384  375  366  356  345  333  322  309  297  284  271  258  246  233  221  209
  197  187  176  167  158  150  143  138  133  129  126  124  124  124  126  129
  133  138  143  150  158  167  176  187
 -40.0   0.0 355.0   5.0 400.0                                        LAT/LON1/LON2/DLON/H
  188  199  210  221  233  245  257  269  281  293  304  315  326  336  345  354
  362  370  376  382  386  390  393  394  395  394  393  390  386  382  376  370
  362  354  345  336  326  315  304  293  281  269  257  245  233  221  210  199
  188  178  168  159  151  144  137  132  127  124  121  119  119  119  121  124
  127  132  137  144  151  159  168  178
 -45.0   0.0 355.0   5.0 400.0                                        LAT/LON1/LON2/DLON/H
  177  187  197  208  219  230  241  252  263  274  284  295  305  314  323  331
  338  345  351  356  361  364  366  368  368  368  366  364  361  356  351  345
  338  331  323  314  305  295  284  274  263  252  241  230  219  208  197  187
  177  168  159  151  143  137  131  126  121  118  116  114  114  114  116  118
  121  126  131  137  143  151  159  168
 -50.0   0.0 355.0   5.0 400.0                                        LAT/LON1/LON2/DLON/H
  166  175  184  194  203  213  224  234  244  253  263  272  281  290  298  305
  312  318  324  328  332  335  337  339  339  339  337  335  332  328  324  318
  312  305  298  290  281  272  263  253  244  234  224  213  203  194  184  175
  166  157  149  142  135  129  123  119  115  112  110  108  108  108  110  112
  115  119  123  129  135  142  149  157
 -55.0   0.0 355.0   5.0 400.0                                        LAT/LON1/LON2/DLON/H
  153  161  170  178  187  196  205  214  223  232  240  248  256  264  271  278
  284  289  294  298  302  305  307  308  308  308  307  305  302  298  294  289
  284  278  271  264  256  248  240  232  223  214  205  196  187  178  170  161
  153  146  139  132  126  120  115  111  108  105  103  102  102  102  103  105
  108  111  115  120  126  132  139  146
 -60.0   0.0 355.0   5.0 400.0                                        LAT/LON1/LON2/DLON/H
  140  147  154  162  169  177  185  193  201  208  216  223  230  237  243  249
  254  259  263  267  270  272  274  275  275  275  274  272  270  267  263  259
  254  249  243  237  230  223  216  208  201  193  185  177  169  162  154  147
  140  133  127  121  116  111  107  103  100   98   96   95   95   95   96   98
  100  103  107  111  116  121  127  133
 -65.0   0.0 355.0   5.0 400.0                                        LAT/LON1/LON2/DLON/H
  126  132  138  144  151  157  164  171  177  184  190  196  202  208  213  218
  222  226  230  233  236  238  239  240  240  240  239  238  236  233  230  226
  222  218  213  208  202  196  190  184  177  171  164  157  151  144  138  132
  126  120  115  110  106  102   98   95   93   91   89   88   88   88   89   91
   93   95   98  102  106  110  115  120
 -70.0   0.0 355.0   5.0 400.0                                        LAT/LON1/LON2/DLON/H
  112  116  121  126  132  137  142  148  153  158  163  168  173  178  182  186
  190  193  196  198  200  202  203  204  204  204  203  202  200  198  196  193
  190  186  182  178  173  168  163  158  153  148  142  137  132  126  121  116
  112  107  103   99   95   92   89   87   84   83   82   81   81   81   82   83
   84   87   89   92   95   99  103  107
 -75.0   0.0 355.0   5.0 400.0                                        LAT/LON1/LON2/DLON/H
   97  100  104  108  112  116  120  124  128  132  136  140  143  147  150  153
  156  158  160  162  164  165  166  166  166  166  166  165  164  162  160  158
  156  153  150  147  143  140  136  132  128  124  120  116  112  108  104  100
   97   93   90   87   84   82   80   78   76   75   74   73   73   73   74   75
   76   78   80   82   84   87   90   93
 -80.0   0.0 355.0   5.0 400.0                                        LAT/LON1/LON2/DLON/H
   81   84   86   89   91   94   97  100  102  105  108  110  113  115  117  119
  121  122  124  125  126  127  128  128  128  128  128  127  126  125  124  122
  121  119  117  115  113  110  108  105  102  100   97   94   91   89   86   84
   81   79   77   75   73   71   70   69   68   67   66   66   66   66   66   67
   68   69   70   71   73   75   77   79
 -85.0   0.0 355.0   5.0 400.0                                        LAT/LON1/LON2/DLON/H
   68   69   71   72   74   75   77   79   80   82   83   85   86   87   89   90
   91   92   93   93   94   94   95   95   95   95   95   94   94   93   93   92
   91   90   89   87   86   85   83   82   80   79   77   75   74   72   71   69
