data/ionex_20260618.ionex
     1.0            I                GPS   IONEX VERSION / TYPE
R_Klobuchar_v1.0    User                18-lip-26 01:10     PGM / RUN BY / DATE
Klobuchar model ionospheric TEC maps                        DESCRIPTION
Generated from broadcast Klobuchar parameters               COMMENT
TEC values in 0.1 TECU; 9999 = no value                     COMMENT
  2026     6    18     0     0     0                        EPOCH OF FIRST MAP
  2026     6    19     0     0     0                        EPOCH OF LAST MAP
 21600                                                      INTERVAL
     5                                                      # OF MAPS IN FILE
  COSZ                                                      MAPPING FUNCTION
    20.0                                                    ELEVATION CUTOFF
Klobuchar model                                             OBSERVABLES USED
     0                                                      # OF STATIONS
     0                                                      # OF SATELLITES
    G     0     0                                          SYS / #STA / #SAT
  6371.0                                                    BASE RADIUS
     2                                                      MAP DIMENSION
 400.0 400.0   0.0                                        HGT1 / HGT2 / DHGT
  85.0 -85.0  -5.0                                        LAT1 / LAT2 / DLAT
   0.0 355.0   5.0                                        LON1 / LON2 / DLON
    -1                                                      EXPONENT
                                                            END OF HEADER
[from data line 2556]
     1                                                      START OF TEC MAP
  2026     6    19     0     0     0                        EPOCH OF CURRENT MAP
  85.0   0.0 355.0   5.0 400.0                                        LAT/LON1/LON2/DLON/H
   92   92   92   92   92   92   92   92   92   92   92   92   92  107  126  146
  166  185  205  224  243  262  280  298  315  332  348  364  379  393  407  419
  431  442  452  462  470  477  483  488  492  494  496  496  495  492  489  484
  477  470  461  452  441  429  415  401  386  370  353  336  318  299  280  260
  240  220  200  180  159  139  119   92
  80.0   0.0 355.0   5.0 400.0                                        LAT/LON1/LON2/DLON/H
   92   92   92   92   92   92   92   92   92   92   92   92   92  107  126  146
  166  185  205  224  243  262  280  298  315  332  348  364  379  393  407  419
  431  442  452  462  470  477  483  488  492  494  496  496  495  492  489  484
  477  470  461  452  441  429  415  401  386  370  353  336  318  299  280  260
  240  220  200  180  159  139  119   92
  75.0   0.0 355.0   5.0 400.0                                        LAT/LON1/LON2/DLON/H
   92   92   92   92   92   92   92   92   92   92   92   92   92  106  126  146
  166  185  205  224  243  262  280  298  315  332  348  364  379  393  407  419
  431  442  453  462  470  477  483  488  492  494  496  496  495  492  489  484
  478  470  462  452  441  429  416  401  386  370  354  336  318  299  280  260
  240  220  200  179  159  139  119   92
  70.0   0.0 355.0   5.0 400.0                                        LAT/LON1/LON2/DLON/H
   92   92   92   92   92   92   92   92   92   92   92   92   92   92  118  138
  159  180  200  221  241  261  280  299  317  335  353  369  385  400  415  428
  441  453  463  473  482  489  495  501  504  507  508  508  507  504  500  495
  488  481  471  461  449  436  422  407  391  374  356  338  318  298  278  257
  236  215  194  173  151  130  109   92
  65.0   0.0 355.0   5.0 400.0                                        LAT/LON1/LON2/DLON/H
   92   92   92   92   92   92   92   92   92   92   92   92   92   92  108  129
  151  173  195  216  237  258  279  299  318  337  356  373  390  406  421  436
  449  461  473  483  492  500  507  512  516  519  520  520  518  515  511  505
  498  490  480  468  456  442  427  411  394  376  357  338  317  296  275  253
  231  209  187  164  142  120   92   92
  60.0   0.0 355.0   5.0 400.0                                        LAT/LON1/LON2/DLON/H
   92   92   92   92   92   92   92   92   92   92   92   92   92   92   92  119
  142  165  188  210  232  254  276  297  318  338  357  376  394  411  427  442
  456  469  481  492  501  509  516  522  526  529  530  530  528  525  520  514
  506  497  487  475  461  447  431  414  396  377  357  336  315  293  270  247
  224  201  178  154  131  109   92   92
  55.0   0.0 355.0   5.0 400.0                                        LAT/LON1/LON2/DLON/H
   92   92   92   92   92   92   92   92   92   92   92   92   92   92   92  108
  131  155  179  203  226  249  272  294  316  337  357  377  396  414  431  447
  461  475  488  499  509  518  525  531  535  538  539  539  537  534  528  522
  514  504  492  480  466  450  433  415  396  376  355  333  311  288  264  240
  216  192  167  143  119   92   92   92
  50.0   0.0 355.0   5.0 400.0                                        LAT/LON1/LON2/DLON/H
   92   92   92   92   92   92   92   92   92   92   92   92   92   92   92   92
  119  144  169  193  218  242  266  289  312  334  356  376  396  415  433  450
  466  480  493  505  516  525  532  538  543  546  547  547  545  541  535  528
  519  509  497  483  468  452  434  415  395  374  352  329  305  281  256  231
  206  181  155  130  106   92   92   92
  45.0   0.0 355.0   5.0 400.0                                        LAT/LON1/LON2/DLON/H
   92   92   92   92   92   92   92   92   92   92   92   92   92   92   92   92
  106  131  157  183  208  234  259  283  307  330  353  375  395  415  434  452
  468  484  497  510  521  530  538  545  549  552  554  553  551  547  541  533
  524  513  500  485  470  452  433  413  392  370  346  322  298  272  246  220
  194  168  142  116   92   92   92   92
  40.0   0.0 355.0   5.0 400.0                                        LAT/LON1/LON2/DLON/H
   92   92   92   92   92   92   92   92   92   92   92   92   92   92   92   92
   92  117  144  170  197  223  249  275  300  324  348  371  393  414  434  452
  470  486  500  513  525  535  543  550  555  558  559  558  556  551  545  537
  527  515  501  486  469  451  431  410  388  364  340  314  288  262  235  208
  181  154  127   92   92   92   92   92
  35.0   0.0 355.0   5.0 400.0                                        LAT/LON1/LON2/DLON/H
   92   92   92   92   92   92   92   92   92   92   92   92   92   92   92   92
   92   92  129  157  184  211  239  265  291  317  342  366  389  411  431  451
  469  486  501  515  527  538  547  553  558  562  563  562  559  554  548  539
  528  516  501  485  467  448  427  405  381  357  331  305  278  250  222  194
  166  138  110   92   92   92   92   92
  30.0   0.0 355.0   5.0 400.0                                        LAT/LON1/LON2/DLON/H
   92   92   92   92   92   92   92   92   92   92   92   92   92   92   92   92
   92   92  113  141  169  198  226  254  281  308  334  359  383  406  428  448
  467  485  501  516  528  539  549  556  561  564  565  564  561  556  549  540
  528  515  500  483  464  443  421  398  373  347  321  293  265  236  207  178
  149  121   92   92   92   92   92   92
  25.0   0.0 355.0   5.0 400.0                                        LAT/LON1/LON2/DLON/H
   92   92   92   92   92   92   92   92   92   92   92   92   92   92   92   92
   92   92   92  124  153  182  212  240  269  297  324  350  375  399  422  444
  464  482  499  515  528  540  549  557  562  566  567  566  562  557  549  539
  527  513  497  479  459  437  414  389  363  336  308  279  250  220  190  160
  131   92   92   92   92   92   92   92
  20.0   0.0 355.0   5.0 400.0                                        LAT/LON1/LON2/DLON/H
   92   92   92   92   92   92   92   92   92   92   92   92   92   92   92   92
   92   92   92  105  135  165  195  225  255  284  312  339  366  391  415  438
  459  478  496  512  526  538  548  556  562  565  567  565  562  556  548  537
  524  509  492  473  452  429  405  379  351  323  294  264  233  203  172  141
  111   92   92   92   92   92   92   92
  15.0   0.0 355.0   5.0 400.0                                        LAT/LON1/LON2/DLON/H
   92   92   92   92   92   92   92   92   92   92   92   92   92   92   92   92
   92   92   92   92  115  146  177  208  239  269  298  327  354  381  406  430
  452  472  491  508  523  536  546  554  560  564  565  564  560  553  545  533
  520  504  486  465  443  419  393  366  338  308  277  246  215  183  151  120
   92   92   92   92   92   92   92   92
  10.0   0.0 355.0   5.0 400.0                                        LAT/LON1/LON2/DLON/H
   92   92   92   92   92   92   92   92   92   92   92   92   92   92   92   92
   92   92   92   92   92  126  157  189  221  252  282  312  341  369  395  420
  443  465  484  502  518  531  542  551  557  561  562  560  556  550  540  528
  514  497  477  456  433  407  380  351  322  291  259  227  194  161  129   92
   92   92   92   92   92   92   92   92
   5.0   0.0 355.0   5.0 400.0                                        LAT/LON1/LON2/DLON/H
   92   92   92   92   92   92   92   92   92   92   92   92   92   92   92   92
   92   92   92   92   92  103  136  168  201  233  265  295  325  354  382  408
  433  455  476  495  511  525  537  546  553  557  558  556  551  544  534  521
  506  488  468  445  420  393  365  335  304  271  238  205  171  138  105   92
   92   92   92   92   92   92   92   92
   0.0   0.0 355.0   5.0 400.0                                        LAT/LON1/LON2/DLON/H
   92   92   92   92   92   92   92   92   92   92   92   92   92   92   92   92
   92   92   92   92   92   92  112  145  179  212  245  277  308  338  367  394
  420  444  466  485  503  518  530  540  547  551  552  550  545  537  527  513
  496  477  456  432  405  377  347  316  283  250  215  181  147  113   92   92
   92   92   92   92   92   92   92   92
  -5.0   0.0 355.0   5.0 400.0                                        LAT/LON1/LON2/DLON/H
   92   92   92   92   92   92   92   92   92   92   92   92   92   92   92   92
   92   92   92   92   92   92   92  120  154  188  222  256  288  320  350  378
  406  431  454  474  493  509  522  532  539  543  544  542  537  529  517  503
  485  465  442  416  389  359  327  294  260  226  190  155  120   92   92   92
   92   92   92   92   92   92   92   92
 -10.0   0.0 355.0   5.0 400.0                                        LAT/LON1/LON2/DLON/H
   92   92   92   92   92   92   92   92   92   92   92   92   92   92   92   92
   92   92   92   92   92   92   92   92  128  163  198  232  266  299  330  360
  389  415  440  461  481  498  511  522  530  534  535  533  528  519  506  491
  472  450  426  399  370  338  305  271  235  199  163  127   92   92   92   92
   92   92   92   92   92   92   92   92
 -15.0   0.0 355.0   5.0 400.0                                        LAT/LON1/LON2/DLON/H
   92   92   92   92   92   92   92   92   92   92   92   92   92   92   92   92
   92   92   92   92   92   92   92   92   92  136  171  206  241  275  308  340
  370  398  423  447  467  485  500  511  519  524  525  523  516  507  494  477
  457  434  408  379  348  315  280  244  208  170  133   92   92   92   92   92
   92   92   92   92   92   92   92   92
 -20.0   0.0 355.0   5.0 400.0                                        LAT/LON1/LON2/DLON/H
   92   92   92   92   92   92   92   92   92   92   92   92   92   92   92   92
   92   92   92   92   92   92   92   92   92  106  142  178  214  250  284  317
  348  378  405  429  451  470  486  498  507  512  513  510  504  493  479  461
  440  415  387  357  324  289  253  216  178  139  102   92   92   92   92   92
   92   92   92   92   92   92   92   92
 -25.0   0.0 355.0   5.0 400.0                                        LAT/LON1/LON2/DLON/H
   92   92   92   92   92   92   92   92   92   92   92   92   92   92   92   92
   92   92   92   92   92   92   92   92   92   92  111  148  185  221  257  291
  324  355  384  410  433  454  470  483  493  498  499  496  489  478  463  444
  421  394  365  332  297  261  223  184  145  106   92   92   92   92   92   92
   92   92   92   92   92   92   92   92
 -30.0   0.0 355.0   5.0 400.0                                        LAT/LON1/LON2/DLON/H
   92   92   92   92   92   92   92   92   92   92   92   92   92   92   92   92
   92   92   92   92   92   92   92   92   92   92   92  115  153  190  227  263
  297  330  361  389  414  436  454  468  477  483  484  481  474  462  447  428
  405  380  351  319  286  250  213  176  138   92   92   92   92   92   92   92
   92   92   92   92   92   92   92   92
 -35.0   0.0 355.0   5.0 400.0                                        LAT/LON1/LON2/DLON/H
   92   92   92   92   92   92   92   92   92   92   92   92   92   92   92   92
   92   92   92   92   92   92   92   92   92   92   92   92  138  176  214  251
  286  319  349  376  401  421  439  452  461  466  467  464  457  446  431  413
  391  367  339  309  277  243  208  172  136   92   92   92   92   92   92   92
   92   92   92   92   92   92   92   92
 -40.0   0.0 355.0   5.0 400.0                                        LAT/LON1/LON2/DLON/H
   92   92   92   92   92   92   92   92   92   92   92   92   92   92   92   92
   92   92   92   92   92   92   92   92   92   92   92   92  136  173  209  243
  277  308  337  363  386  406  422  434  443  447  448  445  438  428  414  396
  376  352  326  298  267  235  202  168  133   92   92   92   92   92   92   92
   92   92   92   92   92   92   92   92
 -45.0   0.0 355.0   5.0 400.0                                        LAT/LON1/LON2/DLON/H
   92   92   92   92   92   92   92   92   92   92   92   92   92   92   92   92
   92   92   92   92   92   92   92   92   92   92   92   92  134  168  203  236
  267  297  324  348  370  388  403  415  423  427  428  425  418  408  395  378
  359  337  312  285  257  226  195  163  131   92   92   92   92   92   92   92
   92   92   92   92   92   92   92   92
 -50.0   0.0 355.0   5.0 400.0                                        LAT/LON1/LON2/DLON/H
   92   92   92   92   92   92   92   92   92   92   92   92   92   92   92   92
   92   92   92   92   92   92   92   92   92   92   92   92  131  164  196  227
  257  284  310  333  353  370  384  394  401  405  406  403  396  387  374  359
  340  320  297  272  245  217  188  158  128   92   92   92   92   92   92   92
   92   92   92   92   92   92   92   92
 -55.0   0.0 355.0   5.0 400.0                                        LAT/LON1/LON2/DLON/H
   92   92   92   92   92   92   92   92   92   92   92   92   92   92   92   92
   92   92   92   92   92   92   92   92   92   92   92   92  129  159  189  218
  245  271  294  315  334  349  362  372  378  381  382  379  373  364  352  338
  321  301  280  257  233  207  180  153  125   92   92   92   92   92   92   92
   92   92   92   92   92   92   92   92
 -60.0   0.0 355.0   5.0 400.0                                        LAT/LON1/LON2/DLON/H
   92   92   92   92   92   92   92   92   92   92   92   92   92   92   92   92
   92   92   92   92   92   92   92   92   92   92   92   92  126  154  181  208
  233  256  277  297  313  327  339  347  353  356  356  353  347  339  328  315
  299  282  263  242  219  196  172  147  122   92   92   92   92   92   92   92
   92   92   92   92   92   92   92   92
 -65.0   0.0 355.0   5.0 400.0                                        LAT/LON1/LON2/DLON/H
   92   92   92   92   92   92   92   92   92   92   92   92   92   92   92   92
   92   92   92   92   92   92   92   92   92   92   92   92  123  148  173  197
  219  240  259  277  291  304  314  321  326  328  328  325  320  312  302  290
  276  261  244  225  205  184  163  141  119   92   92   92   92   92   92   92
   92   92   92   92   92   92   92   92
 -70.0   0.0 355.0   5.0 400.0                                        LAT/LON1/LON2/DLON/H
   92   92   92   92   92   92   92   92   92   92   92   92   92   92   92   92
   92   92   92   92   92   92   92   92   92   92   92   92  119  142  164  185
  205  223  240  255  268  279  287  293  297  299  298  296  291  284  275  264
  252  238  223  207  190  172  153  134  115   92   92   92   92   92   92   92
   92   92   92   92   92   92   92   92
 -75.0   0.0 355.0   5.0 400.0                                        LAT/LON1/LON2/DLON/H
   92   92   92   92   92   92   92   92   92   92   92   92   92   92   92   92
   92   92   92   92   92   92   92   92   92   92   92   92  116  135  154  173
  190  205  220  232  243  252  259  264  267  268  267  264  260  253  246  237
  226  214  202  188  174  159  143  127  111   92   92   92   92   92   92   92
   92   92   92   92   92   92   92   92
 -80.0   0.0 355.0   5.0 400.0                                        LAT/LON1/LON2/DLON/H
   92   92   92   92   92   92   92   92   92   92   92   92   92   92   92   92
   92   92   92   92   92   92   92   92   92   92   92   92  116  135  154  172
  189  205  219  232  243  251  258  263  266  267  266  263  259  253  245  236
  226  214  201  188  173  158  143  127  111   92   92   92   92   92   92   92
   92   92   92   92   92   92   92   92
 -85.0   0.0 355.0   5.0 400.0                                        LAT/LON1/LON2/DLON/H
   92   92   92   92   92   92   92   92   92   92   92   92   92   92   92   92
   92   92   92   92   92   92   92   92   92   92   92   92  116  135  154  172
  189  205  219  232  243  251  258  263  266  267  266  263  259  253  245  236
