data/ionex_20260618.ionex
     1.0            I                GPS   IONEX VERSION / TYPE
R_Klobuchar_v1.0    User                18-lip-26 01:10     PGM / RUN BY / DATE
Klobuchar model ionospheric TEC maps                        DESCRIPTION
Generated from broadcast Klobuchar parameters               COMMENT
TEC values in 0.1 TECU; 9999 = no value                     COMMENT
  2026     6    18     0     0     0                        EPOCH OF FIRST MAP
  2026     6    19     0     0     0                        EPOCH OF LAST MAP
 21600                                                      INTERVAL
     5                                                      # OF MAPS IN FILE
  COSZ                                                      MAPPING FUNCTION
    20.0                                                    ELEVATION CUTOFF
Klobuchar model                                             OBSERVABLES USED
     0                                                      # OF STATIONS
     0                                                      # OF SATELLITES
    G     0     0                                          SYS / #STA / #SAT
  6371.0                                                    BASE RADIUS
     2                                                      MAP DIMENSION
 400.0 400.0   0.0                                        HGT1 / HGT2 / DHGT
  85.0 -85.0  -5.0                                        LAT1 / LAT2 / DLAT
   0.0 355.0   5.0                                        LON1 / LON2 / DLON
    -1                                                      EXPONENT
                                                            END OF HEADER
[from data line 1278]
     1                                                      START OF TEC MAP
  2026     6    18    12     0     0                        EPOCH OF CURRENT MAP
  85.0   0.0 355.0   5.0 400.0                                        LAT/LON1/LON2/DLON/H
  471  476  480  484  486  487  486  485  483  479  475  469  462  455  446  437
  427  416  404  391  377  363  347  332  315  298  280  261  243  223  203  183
  163  143  122  101   92   92   92   92   92   92   92   92   92   92   92   92
   92   92  114  135  156  177  198  219  240  260  280  299  318  336  353  369
  385  399  413  425  437  447  456  464
  80.0   0.0 355.0   5.0 400.0                                        LAT/LON1/LON2/DLON/H
  471  476  480  484  486  487  486  485  483  479  475  469  462  455  446  437
  427  416  404  391  377  363  347  332  315  298  280  261  243  223  203  183
  163  143  122  101   92   92   92   92   92   92   92   92   92   92   92   92
   92   92  114  135  156  177  198  219  240  260  280  299  318  336  353  369
  385  399  413  425  437  447  456  464
  75.0   0.0 355.0   5.0 400.0                                        LAT/LON1/LON2/DLON/H
  471  476  481  484  486  487  487  485  483  479  475  469  463  455  447  437
  427  416  404  391  377  363  348  332  315  298  280  261  243  223  203  183
  163  142  122  101   92   92   92   92   92   92   92   92   92   92   92   92
   92   92  114  135  156  177  198  219  239  260  280  299  318  336  353  370
  385  400  413  426  437  447  456  464
  70.0   0.0 355.0   5.0 400.0                                        LAT/LON1/LON2/DLON/H
  482  488  493  497  499  500  500  499  496  493  488  482  475  467  458  448
  437  425  412  398  384  368  352  335  317  299  280  260  240  220  199  177
  156  134  113   92   92   92   92   92   92   92   92   92   92   92   92   92
   92   92  104  126  147  170  192  214  235  257  278  298  318  338  356  373
  390  406  420  433  446  457  466  475
  65.0   0.0 355.0   5.0 400.0                                        LAT/LON1/LON2/DLON/H
  493  499  505  508  511  512  512  511  508  505  500  493  486  478  468  457
  446  433  419  405  389  373  355  337  318  299  279  258  236  215  192  170
  147  125  102   92   92   92   92   92   92   92   92   92   92   92   92   92
   92   92   92  115  138  161  184  207  230  252  275  296  317  338  357  376
  394  410  426  440  453  465  475  485
  60.0   0.0 355.0   5.0 400.0                                        LAT/LON1/LON2/DLON/H
  502  509  515  519  522  523  523  522  519  516  510  504  496  487  477  466
  453  440  425  409  393  375  357  338  318  297  276  254  231  208  185  161
  138  114   92   92   92   92   92   92   92   92   92   92   92   92   92   92
   92   92   92  103  126  150  174  199  223  246  270  293  315  336  357  377
  396  413  430  445  459  472  483  493
  55.0   0.0 355.0   5.0 400.0                                        LAT/LON1/LON2/DLON/H
  510  517  523  528  531  533  533  532  529  525  520  513  505  495  484  472
  459  445  429  413  395  377  357  337  316  294  271  248  224  200  176  151
  126  102   92   92   92   92   92   92   92   92   92   92   92   92   92   92
   92   92   92   92  114  138  164  189  214  239  263  287  311  334  355  376
  396  415  433  449  464  478  490  500
  50.0   0.0 355.0   5.0 400.0                                        LAT/LON1/LON2/DLON/H
  516  524  531  536  540  542  542  541  538  534  528  521  512  502  491  478
  464  449  432  415  396  377  356  335  312  289  265  241  216  191  165  139
  114   92   92   92   92   92   92   92   92   92   92   92   92   92   92   92
   92   92   92   92   92  125  151  177  203  229  255  280  305  329  352  374
  395  415  434  451  467  482  495  506
  45.0   0.0 355.0   5.0 400.0                                        LAT/LON1/LON2/DLON/H
  521  530  537  543  547  549  549  548  545  541  535  527  518  507  495  482
  467  451  434  415  396  375  353  331  307  283  258  232  206  179  153  126
   92   92   92   92   92   92   92   92   92   92   92   92   92   92   92   92
   92   92   92   92   92  110  137  164  191  218  245  272  298  323  347  371
  393  414  434  452  469  485  498  511
  40.0   0.0 355.0   5.0 400.0                                        LAT/LON1/LON2/DLON/H
  525  535  542  548  553  555  555  554  551  547  540  532  523  512  499  485
  469  452  434  414  394  372  349  325  300  274  248  221  194  167  139  111
   92   92   92   92   92   92   92   92   92   92   92   92   92   92   92   92
   92   92   92   92   92   92  122  149  178  206  234  261  288  315  341  365
  389  411  432  452  470  486  501  514
  35.0   0.0 355.0   5.0 400.0                                        LAT/LON1/LON2/DLON/H
  528  538  546  552  557  560  560  559  556  551  545  536  526  514  501  486
  470  452  432  412  390  367  343  317  291  265  237  209  181  152  124   92
   92   92   92   92   92   92   92   92   92   92   92   92   92   92   92   92
   92   92   92   92   92   92  104  133  162  191  220  249  278  305  332  358
  383  406  429  449  468  486  502  515
  30.0   0.0 355.0   5.0 400.0                                        LAT/LON1/LON2/DLON/H
  529  539  548  555  560  563  564  563  559  554  547  539  528  516  501  486
  468  449  429  407  384  360  335  308  281  253  224  195  166  136  107   92
   92   92   92   92   92   92   92   92   92   92   92   92   92   92   92   92
   92   92   92   92   92   92   92  115  145  175  205  235  265  294  322  349
  375  400  423  445  466  484  501  516
  25.0   0.0 355.0   5.0 400.0                                        LAT/LON1/LON2/DLON/H
  528  540  549  557  562  565  566  565  562  556  549  540  529  515  501  484
  466  446  424  401  377  352  325  297  269  240  210  180  149  119   92   92
   92   92   92   92   92   92   92   92   92   92   92   92   92   92   92   92
   92   92   92   92   92   92   92   92  126  157  188  219  250  280  310  338
  366  392  417  440  461  481  499  514
  20.0   0.0 355.0   5.0 400.0                                        LAT/LON1/LON2/DLON/H
  526  538  549  557  562  566  567  566  562  557  549  539  528  514  498  480
  461  440  418  394  368  341  313  284  255  224  193  162  131   92   92   92
   92   92   92   92   92   92   92   92   92   92   92   92   92   92   92   92
   92   92   92   92   92   92   92   92  106  137  169  201  233  265  296  326
  354  382  408  432  455  476  495  511
  15.0   0.0 355.0   5.0 400.0                                        LAT/LON1/LON2/DLON/H
  523  536  547  555  561  565  566  565  562  556  548  537  525  510  494  475
  455  433  409  384  357  329  300  270  239  207  175  143  111   92   92   92
   92   92   92   92   92   92   92   92   92   92   92   92   92   92   92   92
   92   92   92   92   92   92   92   92   92  116  149  182  215  247  279  311
  341  370  397  423  447  469  489  507
  10.0   0.0 355.0   5.0 400.0                                        LAT/LON1/LON2/DLON/H
  517  532  543  552  559  563  564  563  559  553  545  534  521  506  488  469
  447  424  399  372  344  315  284  253  221  188  155  122   92   92   92   92
   92   92   92   92   92   92   92   92   92   92   92   92   92   92   92   92
   92   92   92   92   92   92   92   92   92   92  126  160  194  228  261  294
  326  356  385  412  437  461  482  501
   5.0   0.0 355.0   5.0 400.0                                        LAT/LON1/LON2/DLON/H
  511  526  538  548  555  559  561  560  556  550  541  529  515  499  481  460
  437  413  387  359  329  299  267  234  201  167  133   92   92   92   92   92
   92   92   92   92   92   92   92   92   92   92   92   92   92   92   92   92
   92   92   92   92   92   92   92   92   92   92  102  136  171  206  241  275
  308  340  370  399  426  450  473  493
   0.0   0.0 355.0   5.0 400.0                                        LAT/LON1/LON2/DLON/H
  502  518  532  542  549  554  556  555  551  544  535  523  508  491  471  450
  426  400  372  343  312  280  247  213  179  144  109   92   92   92   92   92
   92   92   92   92   92   92   92   92   92   92   92   92   92   92   92   92
   92   92   92   92   92   92   92   92   92   92   92  111  147  182  218  254
  288  321  353  384  412  438  462  483
  -5.0   0.0 355.0   5.0 400.0                                        LAT/LON1/LON2/DLON/H
  492  509  523  534  543  548  550  548  544  537  527  514  499  481  460  437
  412  385  356  325  293  259  225  190  154  119   92   92   92   92   92   92
   92   92   92   92   92   92   92   92   92   92   92   92   92   92   92   92
   92   92   92   92   92   92   92   92   92   92   92   92  120  157  193  230
  266  301  334  366  396  424  449  472
 -10.0   0.0 355.0   5.0 400.0                                        LAT/LON1/LON2/DLON/H
  480  498  513  525  534  540  542  541  536  529  518  505  488  469  447  423
  396  368  337  305  271  236  201  165  128   92   92   92   92   92   92   92
   92   92   92   92   92   92   92   92   92   92   92   92   92   92   92   92
   92   92   92   92   92   92   92   92   92   92   92   92   92  129  166  204
  241  278  313  347  378  408  435  459
 -15.0   0.0 355.0   5.0 400.0                                        LAT/LON1/LON2/DLON/H
  466  486  502  515  524  530  532  531  527  519  507  493  475  455  432  406
  378  348  316  282  247  211  174  137   92   92   92   92   92   92   92   92
   92   92   92   92   92   92   92   92   92   92   92   92   92   92   92   92
   92   92   92   92   92   92   92   92   92   92   92   92   92   92  137  176
  214  252  289  324  358  389  418  443
 -20.0   0.0 355.0   5.0 400.0                                        LAT/LON1/LON2/DLON/H
  450  471  489  502  512  519  521  520  515  507  495  479  461  439  415  388
  358  326  292  257  221  183  146  108   92   92   92   92   92   92   92   92
   92   92   92   92   92   92   92   92   92   92   92   92   92   92   92   92
   92   92   92   92   92   92   92   92   92   92   92   92   92   92  106  145
  185  224  263  300  335  368  398  426
 -25.0   0.0 355.0   5.0 400.0                                        LAT/LON1/LON2/DLON/H
  432  455  473  488  499  506  509  507  502  493  480  464  444  421  395  366
  335  302  266  230  192  153  115   92   92   92   92   92   92   92   92   92
   92   92   92   92   92   92   92   92   92   92   92   92   92   92   92   92
   92   92   92   92   92   92   92   92   92   92   92   92   92   92   92  112
  153  193  233  272  309  344  377  406
 -30.0   0.0 355.0   5.0 400.0                                        LAT/LON1/LON2/DLON/H
  413  437  456  472  484  491  494  493  488  478  464  447  425  401  373  343
  309  274  237  199  160  121   92   92   92   92   92   92   92   92   92   92
   92   92   92   92   92   92   92   92   92   92   92   92   92   92   92   92
   92   92   92   92   92   92   92   92   92   92   92   92   92   92   92   92
  138  177  215  253  289  324  356  386
 -35.0   0.0 355.0   5.0 400.0                                        LAT/LON1/LON2/DLON/H
  400  422  441  457  468  476  479  477  472  462  448  430  409  383  355  323
  289  253  216  177  139   92   92   92   92   92   92   92   92   92   92   92
   92   92   92   92   92   92   92   92   92   92   92   92   92   92   92   92
   92   92   92   92   92   92   92   92   92   92   92   92   92   92   92   92
  136  173  210  246  281  314  345  374
 -40.0   0.0 355.0   5.0 400.0                                        LAT/LON1/LON2/DLON/H
  385  407  425  440  451  458  461  460  455  446  433  416  395  371  343  313
  281  246  210  174  137   92   92   92   92   92   92   92   92   92   92   92
   92   92   92   92   92   92   92   92   92   92   92   92   92   92   92   92
   92   92   92   92   92   92   92   92   92   92   92   92   92   92   92   92
  134  169  204  238  271  303  333  360
 -45.0   0.0 355.0   5.0 400.0                                        LAT/LON1/LON2/DLON/H
  369  390  407  421  432  439  442  441  436  428  415  399  380  357  331  302
  271  239  205  170  134   92   92   92   92   92   92   92   92   92   92   92
   92   92   92   92   92   92   92   92   92   92   92   92   92   92   92   92
   92   92   92   92   92   92   92   92   92   92   92   92   92   92   92   92
  131  164  197  230  261  291  319  345
 -50.0   0.0 355.0   5.0 400.0                                        LAT/LON1/LON2/DLON/H
  351  371  387  401  411  418  421  420  416  408  396  381  363  341  317  290
  261  230  198  165  132   92   92   92   92   92   92   92   92   92   92   92
   92   92   92   92   92   92   92   92   92   92   92   92   92   92   92   92
   92   92   92   92   92   92   92   92   92   92   92   92   92   92   92   92
  129  160  190  221  250  278  305  329
 -55.0   0.0 355.0   5.0 400.0                                        LAT/LON1/LON2/DLON/H
  332  351  366  379  388  395  398  398  394  386  376  362  345  325  302  277
  250  221  191  160  129   92   92   92   92   92   92   92   92   92   92   92
   92   92   92   92   92   92   92   92   92   92   92   92   92   92   92   92
   92   92   92   92   92   92   92   92   92   92   92   92   92   92   92   92
  126  154  183  211  238  264  289  312
 -60.0   0.0 355.0   5.0 400.0                                        LAT/LON1/LON2/DLON/H
  312  329  343  355  364  370  373  373  370  363  354  341  325  307  286  263
  238  211  184  155  127   92   92   92   92   92   92   92   92   92   92   92
   92   92   92   92   92   92   92   92   92   92   92   92   92   92   92   92
   92   92   92   92   92   92   92   92   92   92   92   92   92   92   92   92
  123  149  175  200  225  249  272  293
 -65.0   0.0 355.0   5.0 400.0                                        LAT/LON1/LON2/DLON/H
  290  305  319  330  338  344  347  347  344  338  330  318  304  288  269  248
  225  201  176  150  124   92   92   92   92   92   92   92   92   92   92   92
   92   92   92   92   92   92   92   92   92   92   92   92   92   92   92   92
   92   92   92   92   92   92   92   92   92   92   92   92   92   92   92   92
  120  143  166  189  211  233  253  273
 -70.0   0.0 355.0   5.0 400.0                                        LAT/LON1/LON2/DLON/H
  266  280  292  302  310  315  318  319  317  312  304  294  282  267  250  232
  211  190  167  144  120   92   92   92   92   92   92   92   92   92   92   92
   92   92   92   92   92   92   92   92   92   92   92   92   92   92   92   92
   92   92   92   92   92   92   92   92   92   92   92   92   92   92   92   92
  116  136  157  177  197  216  234  251
 -75.0   0.0 355.0   5.0 400.0                                        LAT/LON1/LON2/DLON/H
  241  254  264  273  280  285  288  289  287  283  277  268  258  245  230  214
  196  177  158  137  117   92   92   92   92   92   92   92   92   92   92   92
   92   92   92   92   92   92   92   92   92   92   92   92   92   92   92   92
   92   92   92   92   92   92   92   92   92   92   92   92   92   92   92   92
  112  129  147  164  181  197  213  228
 -80.0   0.0 355.0   5.0 400.0                                        LAT/LON1/LON2/DLON/H
  241  253  264  273  280  285  288  288  287  283  276  268  257  245  230  214
  196  177  158  137  117   92   92   92   92   92   92   92   92   92   92   92
   92   92   92   92   92   92   92   92   92   92   92   92   92   92   92   92
   92   92   92   92   92   92   92   92   92   92   92   92   92   92   92   92
  112  129  146  164  180  197  213  227
 -85.0   0.0 355.0   5.0 400.0                                        LAT/LON1/LON2/DLON/H
  241  253  264  273  280  285  288  288  287  283  276  268  257  245  230  214
  196  177  158  137  117   92   92   92   92   92   92   92   92   92   92   92
   92   92   92   92   92   92   92   92   92   92   92   92   92   92   92   92
