data/ionex_20260618.ionex
     1.0            I                GPS   IONEX VERSION / TYPE
R_Klobuchar_v1.0    User                18-lip-26 01:10     PGM / RUN BY / DATE
Klobuchar model ionospheric TEC maps                        DESCRIPTION
Generated from broadcast Klobuchar parameters               COMMENT
TEC values in 0.1 TECU; 9999 = no value                     COMMENT
  2026     6    18     0     0     0                        EPOCH OF FIRST MAP
  2026     6    19     0     0     0                        EPOCH OF LAST MAP
 21600                                                      INTERVAL
     5                                                      # OF MAPS IN FILE
  COSZ                                                      MAPPING FUNCTION
    20.0                                                    ELEVATION CUTOFF
Klobuchar model                                             OBSERVABLES USED
     0                                                      # OF STATIONS
     0                                                      # OF SATELLITES
    G     0     0                                          SYS / #STA / #SAT
  6371.0                                                    BASE RADIUS
     2                                                      MAP DIMENSION
 400.0 400.0   0.0                                        HGT1 / HGT2 / DHGT
  85.0 -85.0  -5.0                                        LAT1 / LAT2 / DLAT
   0.0 355.0   5.0                                        LON1 / LON2 / DLON
    -1                                                      EXPONENT
                                                            END OF HEADER
[from data line 1917]
     1                                                      START OF TEC MAP
  2026     6    18    18     0     0                        EPOCH OF CURRENT MAP
  85.0   0.0 355.0   5.0 400.0                                        LAT/LON1/LON2/DLON/H
  410  396  381  366  350  333  316  298  280  261  243  224  204  185  165  146
  127  107   92   92   92   92   92   92   92   92   92   92   92   92   92  104
  123  143  162  182  202  222  241  261  280  299  317  335  353  369  385  400
  415  428  440  452  462  471  479  485  491  495  498  499  500  499  496  493
  488  482  475  467  457  447  436  423
  80.0   0.0 355.0   5.0 400.0                                        LAT/LON1/LON2/DLON/H
  410  396  381  366  350  333  316  298  280  261  243  224  204  185  165  146
  127  107   92   92   92   92   92   92   92   92   92   92   92   92   92  104
  123  143  162  182  202  222  241  261  280  299  317  335  353  369  385  400
  415  428  440  452  462  471  479  485  491  495  498  499  500  499  496  493
  488  482  475  467  457  447  436  423
  75.0   0.0 355.0   5.0 400.0                                        LAT/LON1/LON2/DLON/H
  410  396  381  366  350  333  316  298  280  261  243  224  204  185  165  146
  126  107   92   92   92   92   92   92   92   92   92   92   92   92   92  104
  123  142  162  182  202  222  241  261  280  299  317  335  353  369  385  400
  415  428  440  452  462  471  479  486  491  495  498  500  500  499  497  493
  488  482  475  467  457  447  436  423
  70.0   0.0 355.0   5.0 400.0                                        LAT/LON1/LON2/DLON/H
  418  403  387  371  354  336  318  299  280  260  240  220  200  179  159  138
  118   92   92   92   92   92   92   92   92   92   92   92   92   92   92   92
  114  134  155  176  197  217  238  259  279  299  318  337  356  373  390  406
  421  436  449  461  472  481  490  497  503  507  510  512  512  511  509  505
  500  494  486  477  468  457  445  432
  65.0   0.0 355.0   5.0 400.0                                        LAT/LON1/LON2/DLON/H
  424  408  392  374  356  338  318  299  278  258  237  215  194  172  151  129
  108   92   92   92   92   92   92   92   92   92   92   92   92   92   92   92
  103  125  146  168  190  212  233  255  276  297  318  338  357  376  394  411
  427  442  456  468  480  490  499  507  513  518  521  523  523  522  520  516
  511  504  496  487  477  465  452  439
  60.0   0.0 355.0   5.0 400.0                                        LAT/LON1/LON2/DLON/H
  429  412  395  376  357  338  317  296  275  253  231  209  187  164  142  119
   92   92   92   92   92   92   92   92   92   92   92   92   92   92   92   92
   92  114  136  159  182  204  227  250  272  294  316  337  357  377  396  414
  431  447  461  475  487  498  507  515  522  527  531  533  533  532  530  526
  520  513  505  495  484  472  459  444
  55.0   0.0 355.0   5.0 400.0                                        LAT/LON1/LON2/DLON/H
  432  414  396  377  357  336  315  293  270  248  225  201  178  154  131  108
   92   92   92   92   92   92   92   92   92   92   92   92   92   92   92   92
   92  102  125  148  172  196  219  243  267  290  312  334  356  376  396  415
  433  450  465  480  493  504  514  523  530  535  539  541  542  541  538  534
  528  521  512  502  490  478  463  448
  50.0   0.0 355.0   5.0 400.0                                        LAT/LON1/LON2/DLON/H
  434  415  396  376  355  333  311  288  264  240  216  192  167  143  119   92
   92   92   92   92   92   92   92   92   92   92   92   92   92   92   92   92
   92   92  112  136  161  185  210  235  259  283  307  330  353  374  395  415
  434  452  468  483  497  509  520  529  536  542  546  549  549  548  545  541
  535  527  518  507  495  482  467  451
  45.0   0.0 355.0   5.0 400.0                                        LAT/LON1/LON2/DLON/H
  434  415  395  373  351  328  305  281  256  231  206  181  156  130  105   92
   92   92   92   92   92   92   92   92   92   92   92   92   92   92   92   92
   92   92   92  123  148  173  199  225  250  275  300  324  348  371  393  414
  434  452  469  485  500  513  524  534  542  548  552  555  555  554  551  547
  541  532  523  512  499  485  469  452
  40.0   0.0 355.0   5.0 400.0                                        LAT/LON1/LON2/DLON/H
  433  413  391  369  346  322  298  272  247  221  195  168  142  116   92   92
   92   92   92   92   92   92   92   92   92   92   92   92   92   92   92   92
   92   92   92  108  134  160  186  213  239  266  292  317  342  365  388  410
  431  451  469  486  501  515  527  537  545  552  557  559  560  559  556  551
  545  536  526  514  501  486  470  452
  35.0   0.0 355.0   5.0 400.0                                        LAT/LON1/LON2/DLON/H
  430  409  387  363  339  314  288  262  236  209  181  154  127   92   92   92
   92   92   92   92   92   92   92   92   92   92   92   92   92   92   92   92
   92   92   92   92  118  145  172  200  227  254  281  308  333  358  383  406
  428  448  467  485  501  516  528  539  548  555  560  563  564  563  560  555
  548  539  528  516  502  486  469  450
  30.0   0.0 355.0   5.0 400.0                                        LAT/LON1/LON2/DLON/H
  426  403  380  356  330  304  277  250  222  195  166  138  111   92   92   92
   92   92   92   92   92   92   92   92   92   92   92   92   92   92   92   92
   92   92   92   92   92  128  156  184  213  241  269  296  323  350  375  399
  422  444  464  483  500  515  528  540  549  557  562  565  566  565  562  556
  549  540  528  515  501  484  466  446
  25.0   0.0 355.0   5.0 400.0                                        LAT/LON1/LON2/DLON/H
  419  396  372  346  320  292  265  236  208  179  150  121   92   92   92   92
   92   92   92   92   92   92   92   92   92   92   92   92   92   92   92   92
   92   92   92   92   92  110  138  167  197  226  255  283  312  339  365  391
  415  438  459  479  497  513  527  539  549  557  562  566  567  566  562  557
  549  539  527  514  498  481  462  441
  20.0   0.0 355.0   5.0 400.0                                        LAT/LON1/LON2/DLON/H
  411  387  361  335  307  279  250  221  191  161  132  102   92   92   92   92
   92   92   92   92   92   92   92   92   92   92   92   92   92   92   92   92
   92   92   92   92   92   92  119  149  179  209  239  268  298  326  354  380
  406  430  452  473  492  509  524  537  547  555  561  565  566  565  562  556
  548  537  525  510  494  476  456  434
  15.0   0.0 355.0   5.0 400.0                                        LAT/LON1/LON2/DLON/H
  401  376  349  321  293  263  233  203  172  142  112   92   92   92   92   92
   92   92   92   92   92   92   92   92   92   92   92   92   92   92   92   92
   92   92   92   92   92   92   92  128  159  190  221  252  282  311  340  368
  395  420  444  465  485  503  519  533  544  553  559  563  564  563  559  553
  545  534  521  506  488  469  448  426
  10.0   0.0 355.0   5.0 400.0                                        LAT/LON1/LON2/DLON/H
  390  363  335  306  276  246  215  183  152  121   92   92   92   92   92   92
   92   92   92   92   92   92   92   92   92   92   92   92   92   92   92   92
   92   92   92   92   92   92   92  106  137  169  201  232  264  295  325  354
  382  408  433  456  477  496  513  527  539  548  555  559  561  560  556  549
  540  529  515  499  481  461  439  415
   5.0   0.0 355.0   5.0 400.0                                        LAT/LON1/LON2/DLON/H
  376  348  319  288  257  226  194  162  130   92   92   92   92   92   92   92
   92   92   92   92   92   92   92   92   92   92   92   92   92   92   92   92
   92   92   92   92   92   92   92   92  114  146  179  211  244  276  307  337
  367  394  421  445  467  487  505  520  533  543  550  554  556  555  551  544
  534  522  508  491  472  450  427  402
   0.0   0.0 355.0   5.0 400.0                                        LAT/LON1/LON2/DLON/H
  360  331  300  269  237  204  171  138  106   92   92   92   92   92   92   92
   92   92   92   92   92   92   92   92   92   92   92   92   92   92   92   92
   92   92   92   92   92   92   92   92   92  121  155  188  221  255  287  319
  349  379  406  432  455  476  495  511  525  535  543  548  550  548  544  537
  527  514  499  481  461  438  414  388
  -5.0   0.0 355.0   5.0 400.0                                        LAT/LON1/LON2/DLON/H
  342  311  279  247  214  180  146  113   92   92   92   92   92   92   92   92
   92   92   92   92   92   92   92   92   92   92   92   92   92   92   92   92
   92   92   92   92   92   92   92   92   92   92  129  163  197  231  265  298
  330  360  389  416  441  464  484  501  515  527  535  540  542  540  536  528
  518  504  488  469  448  424  398  371
 -10.0   0.0 355.0   5.0 400.0                                        LAT/LON1/LON2/DLON/H
  321  289  256  222  188  154  120   92   92   92   92   92   92   92   92   92
   92   92   92   92   92   92   92   92   92   92   92   92   92   92   92   92
   92   92   92   92   92   92   92   92   92   92   92  135  170  205  240  275
  308  340  370  399  425  449  470  489  504  516  525  530  532  531  526  518
  507  492  475  455  433  408  381  352
 -15.0   0.0 355.0   5.0 400.0                                        LAT/LON1/LON2/DLON/H
  298  265  231  196  161  126   92   92   92   92   92   92   92   92   92   92
   92   92   92   92   92   92   92   92   92   92   92   92   92   92   92   92
   92   92   92   92   92   92   92   92   92   92   92  106  141  177  213  249
  283  317  349  379  407  433  455  475  491  504  513  519  521  520  515  506
  494  479  461  439  415  389  360  330
 -20.0   0.0 355.0   5.0 400.0                                        LAT/LON1/LON2/DLON/H
  273  238  203  167  131   92   92   92   92   92   92   92   92   92   92   92
   92   92   92   92   92   92   92   92   92   92   92   92   92   92   92   92
   92   92   92   92   92   92   92   92   92   92   92   92  110  147  183  220
  256  291  325  357  387  414  438  459  476  490  500  506  509  507  502  493
  480  463  444  421  396  368  338  306
 -25.0   0.0 355.0   5.0 400.0                                        LAT/LON1/LON2/DLON/H
  244  208  172  136   92   92   92   92   92   92   92   92   92   92   92   92
   92   92   92   92   92   92   92   92   92   92   92   92   92   92   92   92
   92   92   92   92   92   92   92   92   92   92   92   92   92  114  151  189
  226  263  299  332  364  392  418  441  459  474  485  492  495  493  487  477
  464  446  425  401  374  344  313  279
 -30.0   0.0 355.0   5.0 400.0                                        LAT/LON1/LON2/DLON/H
  217  178  139  102   92   92   92   92   92   92   92   92   92   92   92   92
   92   92   92   92   92   92   92   92   92   92   92   92   92   92   92   92
   92   92   92   92   92   92   92   92   92   92   92   92   92   92  138  176
  214  251  286  319  350  379  404  426  444  459  470  476  479  477  471  462
  448  430  408  383  355  324  290  254
 -35.0   0.0 355.0   5.0 400.0                                        LAT/LON1/LON2/DLON/H
  212  175  137   92   92   92   92   92   92   92   92   92   92   92   92   92
   92   92   92   92   92   92   92   92   92   92   92   92   92   92   92   92
   92   92   92   92   92   92   92   92   92   92   92   92   92   92  136  172
  208  244  277  309  339  366  390  411  428  442  452  459  461  460  454  445
  432  415  395  371  344  314  282  248
 -40.0   0.0 355.0   5.0 400.0                                        LAT/LON1/LON2/DLON/H
  206  171  135   92   92   92   92   92   92   92   92   92   92   92   92   92
   92   92   92   92   92   92   92   92   92   92   92   92   92   92   92   92
   92   92   92   92   92   92   92   92   92   92   92   92   92   92  134  168
  202  236  268  298  326  351  374  394  410  424  433  440  442  441  436  427
  415  399  379  357  331  303  273  240
 -45.0   0.0 355.0   5.0 400.0                                        LAT/LON1/LON2/DLON/H
  200  167  133   92   92   92   92   92   92   92   92   92   92   92   92   92
   92   92   92   92   92   92   92   92   92   92   92   92   92   92   92   92
   92   92   92   92   92   92   92   92   92   92   92   92   92   92  131  164
  196  227  257  285  311  335  357  375  391  404  413  419  421  420  415  407
  396  381  363  342  318  291  263  232
 -50.0   0.0 355.0   5.0 400.0                                        LAT/LON1/LON2/DLON/H
  193  162  130   92   92   92   92   92   92   92   92   92   92   92   92   92
   92   92   92   92   92   92   92   92   92   92   92   92   92   92   92   92
   92   92   92   92   92   92   92   92   92   92   92   92   92   92  129  159
  189  218  246  272  296  318  338  356  370  382  390  396  398  397  393  386
  375  361  345  325  303  278  252  223
 -55.0   0.0 355.0   5.0 400.0                                        LAT/LON1/LON2/DLON/H
  186  157  128   92   92   92   92   92   92   92   92   92   92   92   92   92
   92   92   92   92   92   92   92   92   92   92   92   92   92   92   92   92
   92   92   92   92   92   92   92   92   92   92   92   92   92   92  126  154
  181  208  233  257  280  300  318  334  348  358  366  371  374  373  369  363
  353  340  325  307  287  264  240  213
 -60.0   0.0 355.0   5.0 400.0                                        LAT/LON1/LON2/DLON/H
  178  151  125   92   92   92   92   92   92   92   92   92   92   92   92   92
   92   92   92   92   92   92   92   92   92   92   92   92   92   92   92   92
   92   92   92   92   92   92   92   92   92   92   92   92   92   92  123  148
  173  197  220  242  262  280  297  311  323  333  340  345  347  347  343  338
  329  318  304  288  270  249  227  203
 -65.0   0.0 355.0   5.0 400.0                                        LAT/LON1/LON2/DLON/H
  169  146  122   92   92   92   92   92   92   92   92   92   92   92   92   92
   92   92   92   92   92   92   92   92   92   92   92   92   92   92   92   92
   92   92   92   92   92   92   92   92   92   92   92   92   92   92  119  142
  164  185  206  225  243  259  274  286  297  306  313  317  319  319  316  311
  303  294  282  267  251  233  213  192
 -70.0   0.0 355.0   5.0 400.0                                        LAT/LON1/LON2/DLON/H
  160  139  118   92   92   92   92   92   92   92   92   92   92   92   92   92
   92   92   92   92   92   92   92   92   92   92   92   92   92   92   92   92
   92   92   92   92   92   92   92   92   92   92   92   92   92   92  116  135
  154  173  190  207  222  237  249  260  270  277  283  287  289  289  286  282
  276  268  258  245  231  216  198  180
 -75.0   0.0 355.0   5.0 400.0                                        LAT/LON1/LON2/DLON/H
  150  133  114   92   92   92   92   92   92   92   92   92   92   92   92   92
   92   92   92   92   92   92   92   92   92   92   92   92   92   92   92   92
   92   92   92   92   92   92   92   92   92   92   92   92   92   92  112  128
  144  160  174  188  201  213  223  232  240  246  251  255  256  257  255  252
  247  240  232  222  210  197  183  167
 -80.0   0.0 355.0   5.0 400.0                                        LAT/LON1/LON2/DLON/H
  150  133  114   92   92   92   92   92   92   92   92   92   92   92   92   92
   92   92   92   92   92   92   92   92   92   92   92   92   92   92   92   92
   92   92   92   92   92   92   92   92   92   92   92   92   92   92  112  128
  144  159  174  188  200  212  223  232  239  246  251  254  256  256  255  251
  246  240  231  221  210  197  182  167
 -85.0   0.0 355.0   5.0 400.0                                        LAT/LON1/LON2/DLON/H
  150  133  114   92   92   92   92   92   92   92   92   92   92   92   92   92
   92   92   92   92   92   92   92   92   92   92   92   92   92   92   92   92
   92   92   92   92   92   92   92   92   92   92   92   92   92   92  112  128
